0 0.0484346224678 0.347911547910 0.0534069981584 0.0914004914005
0 0.243462246777 0.264373464373 0.0618784530387 0.0805896805897
0 0.282872928177 0.0665847665848 0.0633517495396 0.0918918918919
0 0.022467771639 0.880835380835 0.0419889502760 0.129238329238
0 0.095211786370 0.782555282555 0.070349907919 0.116461916462
0 0.24861878453 0.489680589681 0.0552486187845 0.0938574938575
0 0.492817679558 0.136855036855 0.0618784530387 0.0761670761671
0 0.485451197053 0.267567567568 0.0670349907919 0.0918918918919
0 0.503130755064 0.421621621620 0.0618784530387 0.0914004914005
0 0.366666666667 0.923095823096 0.070349907919 0.111547911548
0 0.522099447514 0.747911547910 0.070349907919 0.0914004914005
0 0.576611418048 0.82285012285 0.0755064456720 0.111547911548
0 0.661141804788 0.485257985258 0.0537753222836 0.0850122850123
0 0.682136279926 0.264373464373 0.0618784530387 0.0894348894349
0 0.77679558011 0.258722358720 0.0604051565378 0.100737100737
0 0.856169429098 0.0810810810811 0.0453038674033 0.0717444717445
0 0.93591160221 0.339066339066 0.0670349907919 0.0825552825553
0 0.966850828729 0.638574938575 0.0618784530387 0.0869778869779
