0 0.0709090909091 0.212439418417 0.06 0.0985460420032
0 0.193636363636 0.128432956381 0.0472727272727 0.075928917609
0 0.305909090909 0.175282714055 0.0463636363636 0.0694668820679
0 0.394545454545 0.183360258481 0.0581818181818 0.0985460420032
0 0.535909090909 0.126009693053 0.0390909090909 0.0743134087237
0 0.61 0.153473344103 0.0327272727273 0.0710823909532
0 0.685 0.147819063005 0.0390909090909 0.0597738287561
0 0.735909090909 0.13408723748 0.0372727272727 0.0743134087237
0 0.841363636364 0.177705977383 0.0536363636364 0.0969305331179
0 0.913181818180 0.159127625200 0.0445454545455 0.0791599353796
