0 0.073125 0.0684803001876 0.02625 0.046904315197
0 0.14875 0.0534709193246 0.025 0.0393996247655
0 0.310625 0.0844277673546 0.02625 0.0562851782364
0 0.42875 0.031894934334 0.0275 0.0450281425891
0 0.066875 0.202626641651 0.03125 0.0525328330206
0 0.146875 0.169793621013 0.03125 0.046904315197
0 0.28125 0.162288930580 0.03 0.0506566604128
0 0.303125 0.230769230769 0.02875 0.0450281425891
0 0.24125 0.3095684803 0.0325 0.0450281425891
0 0.079375 0.293621013133 0.03625 0.0544090056285
0 0.035625 0.363039399625 0.03375 0.0544090056285
0 0.105 0.414634146341 0.035 0.0450281425891
0 0.1025 0.485928705441 0.03 0.0600375234522
0 0.164375 0.516885553471 0.03375 0.0581613508443
0 0.173125 0.598499061914 0.04375 0.0637898686679
0 0.125 0.799249530957 0.045 0.0600375234522
0 0.15 0.924953095685 0.045 0.0712945590994
0 0.2525 0.873358348968 0.045 0.0581613508443
0 0.3275 0.503752345216 0.04 0.0544090056285
0 0.348125 0.360225140713 0.03125 0.0487804878049
0 0.378125 0.820825515947 0.04625 0.0731707317073
0 0.4425 0.564727954970 0.0375 0.0675422138837
0 0.50125 0.0994371482176 0.0275 0.0337711069418
0 0.525625 0.157598499060 0.02875 0.0450281425891
0 0.589375 0.112570356473 0.02875 0.0450281425891
0 0.563125 0.203564727955 0.03125 0.046904315197
0 0.65875 0.191369606004 0.03 0.0450281425891
0 0.63375 0.25234521576 0.035 0.0581613508443
0 0.598125 0.405253283300 0.03375 0.0562851782364
0 0.55 0.49530956848 0.035 0.0637898686679
0 0.715625 0.794559099437 0.04375 0.0731707317073
0 0.769375 0.378048780488 0.03625 0.06191369606
0 0.7975 0.548780487805 0.0375 0.0581613508443
0 0.786875 0.0459662288931 0.02875 0.0393996247655
0 0.81375 0.0262664165103 0.0225 0.0450281425891
0 0.839375 0.112570356473 0.02625 0.0375234521576
0 0.956875 0.351782363977 0.02875 0.0393996247655
0 0.8975 0.494371482176 0.035 0.0581613508443
0 0.9175 0.691369606004 0.03 0.0544090056285
0 0.95375 0.741088180113 0.04 0.0562851782364
