0 0.38813559320 0.263580246914 0.064406779661 0.132098765432
0 0.454915254237 0.230864197531 0.0610169491525 0.128395061728
0 0.652881355930 0.159259259259 0.0610169491525 0.0987654320988
0 0.671186440678 0.28024691358 0.0664406779661 0.123456790123
0 0.692881355930 0.590740740741 0.08 0.132098765432
0 0.759661016949 0.24012345679 0.0549152542373 0.0901234567901
0 0.85186440678 0.212962962963 0.0386440677966 0.0876543209877
0 0.816949152540 0.216666666667 0.0379661016949 0.0777777777778
0 0.947457627119 0.243827160494 0.0291525423729 0.0654320987654
0 0.237966101695 0.132716049383 0.0650847457627 0.171604938272
