0 0.1285 0.0482708933718 0.016 0.0230547550432
0 0.088 0.19992795389 0.019 0.0295389048991
0 0.129 0.37211815560 0.028 0.0396253602305
0 0.17675 0.378242074928 0.0165 0.0374639769452
0 0.01675 0.481988472620 0.0245 0.0403458213256
0 0.07075 0.463616714697 0.0255 0.0309798270893
0 0.131 0.475504322767 0.028 0.0374639769452
0 0.07425 0.706051873199 0.0265 0.0317002881844
0 0.3615 0.0190922190200 0.018 0.0252161383285
0 0.35225 0.0579971181556 0.0215 0.0309798270893
0 0.31675 0.0932997118156 0.0155 0.0266570605187
0 0.3 0.121037463977 0.015 0.0273775216138
0 0.265 0.149135446686 0.00 0.0273775216138
0 0.244 0.239553314121 0.017 0.0237752161383
0 0.22225 0.284221902017 0.0195 0.0280979827089
0 0.26375 0.402737752161 0.0205 0.0345821325648
0 0.26125 0.612391930836 0.0295 0.0432276657061
0 0.3245 0.778097982709 0.033 0.0489913544669
0 0.2455 0.949567723343 0.038 0.0561959654179
0 0.4535 0.0180115273775 0.011 0.0201729106628
0 0.4175 0.0576368876081 0.015 0.0259365994236
0 0.3925 0.0695244956770 0.017 0.0237752161383
0 0.43075 0.106268011527 0.0185 0.0324207492795
0 0.325 0.208933717579 0.019 0.0273775216138
0 0.39775 0.205331412104 0.0175 0.028818443804
0 0.3675 0.294308357349 0.020 0.0324207492795
0 0.340 0.370677233429 0.023 0.0280979827089
0 0.453 0.327809798271 0.020 0.0345821325648
0 0.42025 0.371757925070 0.0245 0.028818443804
0 0.35575 0.461455331410 0.0195 0.0367435158501
0 0.43125 0.433717579251 0.0235 0.0389048991354
0 0.37575 0.624639769450 0.0255 0.0417867435159
0 0.37975 0.700648414986 0.0255 0.042507204611
0 0.4095 0.712175792507 0.029 0.0439481268012
0 0.410 0.937680115274 0.036 0.0540345821326
0 0.461 0.792507204611 0.017 0.036023054755
0 0.46975 0.589337175793 0.0265 0.0403458213256
0 0.45425 0.549351585014 0.0255 0.0295389048991
0 0.476 0.0688040345821 0.013 0.0208933717579
0 0.54475 0.0338616714697 0.0125 0.021613832853
0 0.50875 0.0778097982709 0.0125 0.0115273775216
0 0.53925 0.106988472620 0.0165 0.0252161383285
0 0.57325 0.0634005763689 0.0165 0.0259365994236
0 0.49625 0.140850144090 0.0165 0.0280979827089
0 0.530 0.201008645533 0.01 0.0187319884726
0 0.50675 0.240634005764 0.0205 0.0244956772334
0 0.561 0.300792507205 0.019 0.0309798270893
0 0.4845 0.366354466859 0.00 0.0353025936599
0 0.55625 0.349423631124 0.0195 0.028818443804
0 0.53775 0.378602305476 0.0225 0.0396253602305
0 0.49575 0.457132564841 0.0195 0.0338616714697
0 0.629 0.0108069164265 0.015 0.0201729106628
0 0.64025 0.0886167146974 0.0165 0.0259365994236
0 0.667 0.0706051873199 0.014 0.0230547550432
0 0.693 0.0878962536023 0.011 0.021613832853
0 0.70225 0.0940201729107 0.0145 0.0252161383285
0 0.73425 0.109510086455 0.0155 0.0259365994236
0 0.70975 0.204250720461 0.0175 0.0266570605187
0 0.63525 0.30007204611 0.0185 0.0252161383285
0 0.60425 0.395172910663 0.0245 0.0309798270893
0 0.6695 0.387247838617 0.00 0.0280979827089
0 0.59625 0.525576368876 0.0275 0.0309798270893
0 0.60375 0.762247838617 0.0325 0.0446685878963
0 0.54775 0.871397694524 0.0345 0.0511527377522
0 0.647 0.829971181556 0.033 0.0461095100865
0 0.766 0.0111671469741 0.016 0.0208933717579
0 0.80 0.0767291066280 0.015 0.0266570605187
0 0.82075 0.14409221900 0.0125 0.0230547550432
0 0.82675 0.171829971180 0.0175 0.0252161383285
0 0.774 0.242074927954 0.00 0.0317002881844
0 0.81925 0.307276657061 0.0185 0.0309798270893
0 0.69625 0.427593659940 0.0215 0.0353025936599
0 0.73125 0.404538904899 0.0215 0.0324207492795
0 0.718 0.463976945245 0.025 0.0345821325648
0 0.72675 0.539265129683 0.0215 0.0410662824207
0 0.69875 0.556195965418 0.0275 0.0432276657061
0 0.75675 0.918587896254 0.0345 0.0533141210375
0 0.9025 0.978746397695 0.039 0.042507204611
0 0.96525 0.984510086455 0.0375 0.0309798270893
0 0.90775 0.808357348703 0.0325 0.0432276657061
0 0.94175 0.78674351585 0.0285 0.0518731988473
0 0.94375 0.606268011527 0.0285 0.0439481268012
0 0.9445 0.53530259366 0.027 0.0374639769452
0 0.99475 0.490634005764 0.0105 0.036023054755
0 0.8975 0.47946685879 0.00 0.0194524495677
0 0.91475 0.437680115274 0.0225 0.0338616714697
0 0.880 0.376080691643 0.020 0.0345821325648
0 0.92475 0.32204610951 0.0195 0.0345821325648
0 0.8715 0.322406340058 0.021 0.0324207492795
0 0.85075 0.282780979827 0.0185 0.0324207492795
0 0.90825 0.275936599424 0.0135 0.0230547550432
0 0.855 0.223703170029 0.019 0.0280979827089
0 0.87025 0.168227665706 0.0165 0.0266570605187
0 0.961 0.183717579251 0.011 0.0259365994236
0 0.980 0.106628242075 0.016 0.0244956772334
0 0.8955 0.0734870317003 0.016 0.0244956772334
0 0.86925 0.0432276657061 0.0135 0.0244956772334
0 0.93 0.0529538904899 0.015 0.0194524495677
