0 0.0966796875 0.729868228404 0.04296875 0.0717423133236
0 0.17529296875 0.698389458270 0.0185546875 0.0439238653001
0 0.2607421875 0.754026354319 0.0390625 0.0614934114202
0 0.35400390625 0.584187408490 0.0361328125 0.0468521229868
0 0.32275390625 0.700585651537 0.0361328125 0.0512445095168
0 0.41455078125 0.676427525620 0.0361328125 0.0614934114202
0 0.4560546875 0.625183016105 0.033203125 0.0614934114202
0 0.5478515625 0.594436310395 0.03125 0.0439238653001
0 0.50390625 0.700585651537 0.0390625 0.0629575402635
0 0.5263671875 0.774524158126 0.04296875 0.0761346998536
0 0.599609375 0.581991215227 0.037109375 0.0571010248902
0 0.5673828125 0.484626647145 0.02734375 0.0380673499268
0 0.51220703125 0.448755490483 0.0244140625 0.0395314787701
0 0.615234375 0.489019033675 0.025390625 0.0409956076135
0 0.72900390625 0.413616398243 0.0244140625 0.0366032210835
0 0.78759765625 0.42532942899 0.0185546875 0.0307467057101
0 0.90576171875 0.501464128843 0.0244140625 0.0366032210835
