0 0.0252604166667 0.160648148148 0.0411458333333 0.0805555555556
0 0.0838541666667 0.208333333333 0.053125 0.1
0 0.0479166666667 0.856944444444 0.0770833333333 0.141666666667
0 0.261197916667 0.106481481481 0.0588541666667 0.087037037037
0 0.274739583333 0.384722222220 0.0567708333333 0.113888888889
0 0.125520833333 0.740740740741 0.071875 0.138888888889
0 0.37734375 0.914351851850 0.0661458333333 0.132407407407
0 0.487239583333 0.106944444444 0.0682291666667 0.102777777778
0 0.5 0.299074074074 0.0635416666667 0.111111111111
0 0.518489583333 0.696759259259 0.0578125 0.0972222222222
0 0.568229166667 0.790277777778 0.0760416666667 0.130555555556
0 0.661458333333 0.105092592593 0.0604166666667 0.100925925926
0 0.640364583333 0.379166666667 0.0546875 0.112037037037
0 0.748697916667 0.103240740741 0.0703125 0.125
0 0.825 0.0337962962963 0.0541666666667 0.0638888888889
0 0.8953125 0.0 0.065625 0.105555555556
0 0.93125 0.569907407407 0.0729166666667 0.110185185185
