0 0.108477011494 0.587988826816 0.0790229885057 0.18156424581
0 0.0689655172414 0.268156424581 0.0632183908046 0.145251396648
0 0.136494252874 0.122905027933 0.0574712643678 0.150837988827
0 0.225574712644 0.513966480447 0.066091954023 0.173184357542
0 0.165948275860 0.412011173184 0.0560344827586 0.13687150838
0 0.333333333333 0.596368715084 0.0603448275860 0.198324022346
0 0.272988505747 0.937150837989 0.0948275862069 0.125698324022
0 0.427442528736 0.900837988827 0.110632183908 0.198324022346
0 0.420977011494 0.360335195531 0.0718390804598 0.173184357542
0 0.342672413793 0.244413407821 0.0617816091954 0.148044692737
0 0.54525862069 0.381284916201 0.058908045977 0.142458100559
0 0.578304597701 0.784916201117 0.0818965517241 0.162011173184
0 0.629310344828 0.587988826816 0.0632183908046 0.175977653631
0 0.604885057471 0.328212290503 0.066091954023 0.164804469274
0 0.662356321839 0.128491620110 0.0545977011494 0.134078212291
0 0.766522988506 0.418994413408 0.058908045977 0.145251396648
0 0.807471264368 0.682960893855 0.0890804597701 0.203910614525
0 0.85775862069 0.653631284916 0.0574712643678 0.156424581006
0 0.965517241379 0.459497206704 0.0689655172414 0.187150837989
0 0.926005747126 0.203910614525 0.0617816091954 0.150837988827
0 0.944683908046 0.0586592178771 0.0531609195400 0.0893854748603
0 0.849856321839 0.365921787709 0.0675287356320 0.139664804469
0 0.974856321839 0.891061452514 0.0474137931034 0.217877094972
