0 0.2674291939 0.106719367589 0.0250544662309 0.0632411067194
0 0.236383442266 0.150197628458 0.0392156862745 0.0711462450593
0 0.164488017429 0.636363636364 0.078431372549 0.138339920949
0 0.338235294118 0.524703557310 0.062091503268 0.124505928854
0 0.420479302830 0.313241106719 0.0544662309368 0.112648221344
0 0.403050108930 0.0355731225296 0.0196078431373 0.0355731225296
0 0.458061002179 0.052371541500 0.0185185185185 0.0454545454545
0 0.557189542484 0.0800395256917 0.0315904139434 0.0494071146245
0 0.543572984749 0.25395256917 0.0522875816993 0.108695652174
0 0.571350762527 0.426877470356 0.0642701525054 0.122529644269
0 0.654139433551 0.247035573123 0.057734204793 0.110671936759
0 0.813180827887 0.160079051383 0.0359477124183 0.0790513833992
0 0.789215686275 0.046442687747 0.0272331154684 0.0533596837945
0 0.85348583878 0.0405138339921 0.0337690631808 0.0612648221344
0 0.901416122004 0.0681818181818 0.0337690631808 0.0454545454545
