0 0.0413194444444 0.883522727273 0.0673611111111 0.114772727273
0 0.125694444444 0.785795454545 0.0652777777778 0.110227272727
0 0.0840277777778 0.354545454545 0.0388888888889 0.0886363636364
0 0.0256944444444 0.319886363636 0.0361111111111 0.0738636363636
0 0.297569444444 0.0744318181818 0.0534722222220 0.0829545454545
0 0.259375 0.269886363636 0.0534722222220 0.0715909090909
0 0.264236111111 0.497727272727 0.0465277777778 0.0909090909091
0 0.374305555556 0.928409090909 0.0708333333333 0.104545454545
0 0.518402777778 0.748295454545 0.0645833333333 0.0806818181818
0 0.565625 0.826136363636 0.0715277777778 0.102272727273
0 0.497569444444 0.430681818180 0.0576388888889 0.0909090909091
0 0.483333333333 0.277272727273 0.0625 0.0863636363636
0 0.490277777778 0.149431818180 0.0569444444444 0.0738636363636
0 0.640972222220 0.493181818180 0.0486111111111 0.0818181818182
0 0.660416666667 0.272727272727 0.0527777777778 0.0909090909091
0 0.747569444444 0.26875 0.0576388888889 0.0943181818182
0 0.933333333333 0.644318181818 0.0694444444444 0.075
0 0.893055555556 0.347159090909 0.0611111111111 0.0829545454545
0 0.822569444444 0.202272727273 0.0465277777778 0.0727272727273
0 0.820486111111 0.0897727272727 0.0451388888889 0.0636363636364
