0 0.542828685259 0.583707025411 0.0996015936255 0.150971599402
0 0.0308764940239 0.444693572496 0.0199203187251 0.034379671151
0 0.126992031873 0.478325859490 0.00896414342629 0.0328849028401
0 0.238545816733 0.470852017937 0.0129482071713 0.0298953662182
0 0.270916334661 0.45889387145 0.0219123505976 0.0328849028401
0 0.375996015936 0.478325859490 0.0149402390438 0.0358744394619
0 0.431772908367 0.45067264574 0.0169322709163 0.0373692077728
0 0.49203187251 0.457399103139 0.0199203187251 0.0388639760837
0 0.652390438247 0.46711509716 0.0159362549801 0.0373692077728
0 0.69422310757 0.45067264574 0.00996015936255 0.0313901345291
0 0.736055776890 0.477578475336 0.0139442231076 0.0313901345291
0 0.871015936255 0.334080717489 0.0169322709163 0.0224215246637
0 0.937250996016 0.455904334828 0.00796812749004 0.0269058295964
0 0.888446215139 0.397608370703 0.0159362549801 0.0269058295964
